86 102

0 76
0 77
5 25
6 31
7 37
8 43
1 78
1 79
9 25
10 31
11 37
12 43
2 80
2 81
13 26
14 32
15 38
16 44
3 82
3 83
17 26
18 32
19 38
20 44
4 84
4 85
21 27
22 33
23 39
24 45
25 28
26 28
27 29
28 30
29 30
30 49
31 34
32 34
33 35
34 36
35 36
36 49
37 40
38 40
39 41
40 42
41 42
42 51
43 46
44 46
45 47
46 48
47 48
48 51
49 50
49 53
50 54
51 52
51 53
52 54
53 54
54 55
56 5
57 6
58 7
59 8
60 9
61 10
62 11
63 12
64 13
65 14
66 15
67 16
68 17
69 18
70 19
71 20
72 21
73 22
74 23
75 24
76 56
76 57
77 58
77 59
78 60
78 61
79 62
79 63
80 64
80 65
81 66
81 67
82 68
82 69
83 70
83 71
84 72
84 73
85 74
85 75
