97 116

0 85
0 86
6 30
7 36
8 42
9 48
1 87
1 88
10 30
11 36
12 42
13 48
2 89
2 90
14 31
15 37
16 43
17 49
3 91
3 92
18 31
19 37
20 43
21 49
4 93
4 94
22 32
23 38
24 44
25 50
5 95
5 96
26 32
27 38
28 44
29 50
30 33
31 33
32 34
33 35
34 35
35 54
36 39
37 39
38 40
39 41
40 41
41 54
42 45
43 45
44 46
45 47
46 47
47 56
48 51
49 51
50 52
51 53
52 53
53 56
54 55
54 58
55 59
56 57
56 58
57 59
58 59
59 60
61 6
62 7
63 8
64 9
65 10
66 11
67 12
68 13
69 14
70 15
71 16
72 17
73 18
74 19
75 20
76 21
77 22
78 23
79 24
80 25
81 26
82 27
83 28
84 29
85 61
85 62
86 63
86 64
87 65
87 66
88 67
88 68
89 69
89 70
90 71
90 72
91 73
91 74
92 75
92 76
93 77
93 78
94 79
94 80
95 81
95 82
96 83
96 84
