112 134

0 98
0 99
7 35
8 42
9 49
10 56
1 100
1 101
11 35
12 42
13 49
14 56
2 102
2 103
15 36
16 43
17 50
18 57
3 104
3 105
19 36
20 43
21 50
22 57
4 106
4 107
23 37
24 44
25 51
26 58
5 108
5 109
27 37
28 44
29 51
30 58
6 110
6 111
31 38
32 45
33 52
34 59
35 39
36 39
37 40
38 40
39 41
40 41
41 63
42 46
43 46
44 47
45 47
46 48
47 48
48 63
49 53
50 53
51 54
52 54
53 55
54 55
55 65
56 60
57 60
58 61
59 61
60 62
61 62
62 65
63 64
63 67
64 68
65 66
65 67
66 68
67 68
68 69
70 7
71 8
72 9
73 10
74 11
75 12
76 13
77 14
78 15
79 16
80 17
81 18
82 19
83 20
84 21
85 22
86 23
87 24
88 25
89 26
90 27
91 28
92 29
93 30
94 31
95 32
96 33
97 34
98 70
98 71
99 72
99 73
100 74
100 75
101 76
101 77
102 78
102 79
103 80
103 81
104 82
104 83
105 84
105 85
106 86
106 87
107 88
107 89
108 90
108 91
109 92
109 93
110 94
110 95
111 96
111 97
