123 148

0 107
0 108
8 40
9 47
10 54
11 61
1 109
1 110
12 40
13 47
14 54
15 61
2 111
2 112
16 41
17 48
18 55
19 62
3 113
3 114
20 41
21 48
22 55
23 62
4 115
4 116
24 42
25 49
26 56
27 63
5 117
5 118
28 42
29 49
30 56
31 63
6 119
6 120
32 43
33 50
34 57
35 64
7 121
7 122
36 43
37 50
38 57
39 64
40 44
41 44
42 45
43 45
44 46
45 46
46 68
47 51
48 51
49 52
50 52
51 53
52 53
53 68
54 58
55 58
56 59
57 59
58 60
59 60
60 70
61 65
62 65
63 66
64 66
65 67
66 67
67 70
68 69
68 72
69 73
70 71
70 72
71 73
72 73
73 74
75 8
76 9
77 10
78 11
79 12
80 13
81 14
82 15
83 16
84 17
85 18
86 19
87 20
88 21
89 22
90 23
91 24
92 25
93 26
94 27
95 28
96 29
97 30
98 31
99 32
100 33
101 34
102 35
103 36
104 37
105 38
106 39
107 75
107 76
108 77
108 78
109 79
109 80
110 81
110 82
111 83
111 84
112 85
112 86
113 87
113 88
114 89
114 90
115 91
115 92
116 93
116 94
117 95
117 96
118 97
118 98
119 99
119 100
120 101
120 102
121 103
121 104
122 105
122 106
