82 100

0 70
0 71
0 72
4 24
5 27
6 30
7 33
8 36
1 73
1 74
1 75
9 24
10 27
11 30
12 33
13 36
2 76
2 77
2 78
14 25
15 28
16 31
17 34
18 37
3 79
3 80
3 81
19 25
20 28
21 31
22 34
23 37
24 26
25 26
26 39
27 29
28 29
29 39
30 32
31 32
32 41
33 35
34 35
35 41
36 38
37 38
38 43
39 40
39 44
40 46
41 42
41 44
42 46
43 45
44 46
44 47
45 47
46 48
47 48
48 49
50 4
51 5
52 6
53 7
54 8
55 9
56 10
57 11
58 12
59 13
60 14
61 15
62 16
63 17
64 18
65 19
66 20
67 21
68 22
69 23
70 50
70 51
71 52
71 53
72 54
73 55
73 56
74 57
74 58
75 59
76 60
76 61
77 62
77 63
78 64
79 65
79 66
80 67
80 68
81 69
