111 133

0 96
0 97
0 98
5 30
6 36
7 42
8 48
9 54
1 99
1 100
1 101
10 30
11 36
12 42
13 48
14 54
2 102
2 103
2 104
15 31
16 37
17 43
18 49
19 55
3 105
3 106
3 107
20 31
21 37
22 43
23 49
24 55
4 108
4 109
4 110
25 32
26 38
27 44
28 50
29 56
30 33
31 33
32 34
33 35
34 35
35 60
36 39
37 39
38 40
39 41
40 41
41 60
42 45
43 45
44 46
45 47
46 47
47 62
48 51
49 51
50 52
51 53
52 53
53 62
54 57
55 57
56 58
57 59
58 59
59 64
60 61
60 65
61 67
62 63
62 65
63 67
64 66
65 67
65 68
66 68
67 69
68 69
69 70
71 5
72 6
73 7
74 8
75 9
76 10
77 11
78 12
79 13
80 14
81 15
82 16
83 17
84 18
85 19
86 20
87 21
88 22
89 23
90 24
91 25
92 26
93 27
94 28
95 29
96 71
96 72
97 73
97 74
98 75
99 76
99 77
100 78
100 79
101 80
102 81
102 82
103 83
103 84
104 85
105 86
105 87
106 88
106 89
107 90
108 91
108 92
109 93
109 94
110 95
