125 151

0 107
0 108
0 109
6 36
7 42
8 48
9 54
10 60
1 110
1 111
1 112
11 36
12 42
13 48
14 54
15 60
2 113
2 114
2 115
16 37
17 43
18 49
19 55
20 61
3 116
3 117
3 118
21 37
22 43
23 49
24 55
25 61
4 119
4 120
4 121
26 38
27 44
28 50
29 56
30 62
5 122
5 123
5 124
31 38
32 44
33 50
34 56
35 62
36 39
37 39
38 40
39 41
40 41
41 66
42 45
43 45
44 46
45 47
46 47
47 66
48 51
49 51
50 52
51 53
52 53
53 68
54 57
55 57
56 58
57 59
58 59
59 68
60 63
61 63
62 64
63 65
64 65
65 70
66 67
66 71
67 73
68 69
68 71
69 73
70 72
71 73
71 74
72 74
73 75
74 75
75 76
77 6
78 7
79 8
80 9
81 10
82 11
83 12
84 13
85 14
86 15
87 16
88 17
89 18
90 19
91 20
92 21
93 22
94 23
95 24
96 25
97 26
98 27
99 28
100 29
101 30
102 31
103 32
104 33
105 34
106 35
107 77
107 78
108 79
108 80
109 81
110 82
110 83
111 84
111 85
112 86
113 87
113 88
114 89
114 90
115 91
116 92
116 93
117 94
117 95
118 96
119 97
119 98
120 99
120 100
121 101
122 102
122 103
123 104
123 105
124 106
