144 174

0 123
0 124
0 125
7 42
8 49
9 56
10 63
11 70
1 126
1 127
1 128
12 42
13 49
14 56
15 63
16 70
2 129
2 130
2 131
17 43
18 50
19 57
20 64
21 71
3 132
3 133
3 134
22 43
23 50
24 57
25 64
26 71
4 135
4 136
4 137
27 44
28 51
29 58
30 65
31 72
5 138
5 139
5 140
32 44
33 51
34 58
35 65
36 72
6 141
6 142
6 143
37 45
38 52
39 59
40 66
41 73
42 46
43 46
44 47
45 47
46 48
47 48
48 77
49 53
50 53
51 54
52 54
53 55
54 55
55 77
56 60
57 60
58 61
59 61
60 62
61 62
62 79
63 67
64 67
65 68
66 68
67 69
68 69
69 79
70 74
71 74
72 75
73 75
74 76
75 76
76 81
77 78
77 82
78 84
79 80
79 82
80 84
81 83
82 84
82 85
83 85
84 86
85 86
86 87
88 7
89 8
90 9
91 10
92 11
93 12
94 13
95 14
96 15
97 16
98 17
99 18
100 19
101 20
102 21
103 22
104 23
105 24
106 25
107 26
108 27
109 28
110 29
111 30
112 31
113 32
114 33
115 34
116 35
117 36
118 37
119 38
120 39
121 40
122 41
123 88
123 89
124 90
124 91
125 92
126 93
126 94
127 95
127 96
128 97
129 98
129 99
130 100
130 101
131 102
132 103
132 104
133 105
133 106
134 107
135 108
135 109
136 110
136 111
137 112
138 113
138 114
139 115
139 116
140 117
141 118
141 119
142 120
142 121
143 122
