158 192

0 134
0 135
0 136
8 48
9 55
10 62
11 69
12 76
1 137
1 138
1 139
13 48
14 55
15 62
16 69
17 76
2 140
2 141
2 142
18 49
19 56
20 63
21 70
22 77
3 143
3 144
3 145
23 49
24 56
25 63
26 70
27 77
4 146
4 147
4 148
28 50
29 57
30 64
31 71
32 78
5 149
5 150
5 151
33 50
34 57
35 64
36 71
37 78
6 152
6 153
6 154
38 51
39 58
40 65
41 72
42 79
7 155
7 156
7 157
43 51
44 58
45 65
46 72
47 79
48 52
49 52
50 53
51 53
52 54
53 54
54 83
55 59
56 59
57 60
58 60
59 61
60 61
61 83
62 66
63 66
64 67
65 67
66 68
67 68
68 85
69 73
70 73
71 74
72 74
73 75
74 75
75 85
76 80
77 80
78 81
79 81
80 82
81 82
82 87
83 84
83 88
84 90
85 86
85 88
86 90
87 89
88 90
88 91
89 91
90 92
91 92
92 93
94 8
95 9
96 10
97 11
98 12
99 13
100 14
101 15
102 16
103 17
104 18
105 19
106 20
107 21
108 22
109 23
110 24
111 25
112 26
113 27
114 28
115 29
116 30
117 31
118 32
119 33
120 34
121 35
122 36
123 37
124 38
125 39
126 40
127 41
128 42
129 43
130 44
131 45
132 46
133 47
134 94
134 95
135 96
135 97
136 98
137 99
137 100
138 101
138 102
139 103
140 104
140 105
141 106
141 107
142 108
143 109
143 110
144 111
144 112
145 113
146 114
146 115
147 116
147 117
148 118
149 119
149 120
150 121
150 122
151 123
152 124
152 125
153 126
153 127
154 128
155 129
155 130
156 131
156 132
157 133
