95 118

0 83
0 84
0 85
4 28
5 31
6 34
7 37
8 40
9 43
1 86
1 87
1 88
10 28
11 31
12 34
13 37
14 40
15 43
2 89
2 90
2 91
16 29
17 32
18 35
19 38
20 41
21 44
3 92
3 93
3 94
22 29
23 32
24 35
25 38
26 41
27 44
28 30
29 30
30 46
31 33
32 33
33 46
34 36
35 36
36 48
37 39
38 39
39 48
40 42
41 42
42 50
43 45
44 45
45 50
46 47
46 52
47 55
48 49
48 52
49 55
50 51
50 53
51 54
52 55
52 56
53 56
54 57
55 57
56 57
57 58
59 4
60 5
61 6
62 7
63 8
64 9
65 10
66 11
67 12
68 13
69 14
70 15
71 16
72 17
73 18
74 19
75 20
76 21
77 22
78 23
79 24
80 25
81 26
82 27
83 59
83 60
84 61
84 62
85 63
85 64
86 65
86 66
87 67
87 68
88 69
88 70
89 71
89 72
90 73
90 74
91 75
91 76
92 77
92 78
93 79
93 80
94 81
94 82
