129 157

0 114
0 115
0 116
5 35
6 41
7 47
8 53
9 59
10 65
1 117
1 118
1 119
11 35
12 41
13 47
14 53
15 59
16 65
2 120
2 121
2 122
17 36
18 42
19 48
20 54
21 60
22 66
3 123
3 124
3 125
23 36
24 42
25 48
26 54
27 60
28 66
4 126
4 127
4 128
29 37
30 43
31 49
32 55
33 61
34 67
35 38
36 38
37 39
38 40
39 40
40 71
41 44
42 44
43 45
44 46
45 46
46 71
47 50
48 50
49 51
50 52
51 52
52 73
53 56
54 56
55 57
56 58
57 58
58 73
59 62
60 62
61 63
62 64
63 64
64 75
65 68
66 68
67 69
68 70
69 70
70 75
71 72
71 77
72 80
73 74
73 77
74 80
75 76
75 78
76 79
77 80
77 81
78 81
79 82
80 82
81 82
82 83
84 5
85 6
86 7
87 8
88 9
89 10
90 11
91 12
92 13
93 14
94 15
95 16
96 17
97 18
98 19
99 20
100 21
101 22
102 23
103 24
104 25
105 26
106 27
107 28
108 29
109 30
110 31
111 32
112 33
113 34
114 84
114 85
115 86
115 87
116 88
116 89
117 90
117 91
118 92
118 93
119 94
119 95
120 96
120 97
121 98
121 99
122 100
122 101
123 102
123 103
124 104
124 105
125 106
125 107
126 108
126 109
127 110
127 111
128 112
128 113
