145 178

0 127
0 128
0 129
6 42
7 48
8 54
9 60
10 66
11 72
1 130
1 131
1 132
12 42
13 48
14 54
15 60
16 66
17 72
2 133
2 134
2 135
18 43
19 49
20 55
21 61
22 67
23 73
3 136
3 137
3 138
24 43
25 49
26 55
27 61
28 67
29 73
4 139
4 140
4 141
30 44
31 50
32 56
33 62
34 68
35 74
5 142
5 143
5 144
36 44
37 50
38 56
39 62
40 68
41 74
42 45
43 45
44 46
45 47
46 47
47 78
48 51
49 51
50 52
51 53
52 53
53 78
54 57
55 57
56 58
57 59
58 59
59 80
60 63
61 63
62 64
63 65
64 65
65 80
66 69
67 69
68 70
69 71
70 71
71 82
72 75
73 75
74 76
75 77
76 77
77 82
78 79
78 84
79 87
80 81
80 84
81 87
82 83
82 85
83 86
84 87
84 88
85 88
86 89
87 89
88 89
89 90
91 6
92 7
93 8
94 9
95 10
96 11
97 12
98 13
99 14
100 15
101 16
102 17
103 18
104 19
105 20
106 21
107 22
108 23
109 24
110 25
111 26
112 27
113 28
114 29
115 30
116 31
117 32
118 33
119 34
120 35
121 36
122 37
123 38
124 39
125 40
126 41
127 91
127 92
128 93
128 94
129 95
129 96
130 97
130 98
131 99
131 100
132 101
132 102
133 103
133 104
134 105
134 106
135 107
135 108
136 109
136 110
137 111
137 112
138 113
138 114
139 115
139 116
140 117
140 118
141 119
141 120
142 121
142 122
143 123
143 124
144 125
144 126
