167 205

0 146
0 147
0 148
7 49
8 56
9 63
10 70
11 77
12 84
1 149
1 150
1 151
13 49
14 56
15 63
16 70
17 77
18 84
2 152
2 153
2 154
19 50
20 57
21 64
22 71
23 78
24 85
3 155
3 156
3 157
25 50
26 57
27 64
28 71
29 78
30 85
4 158
4 159
4 160
31 51
32 58
33 65
34 72
35 79
36 86
5 161
5 162
5 163
37 51
38 58
39 65
40 72
41 79
42 86
6 164
6 165
6 166
43 52
44 59
45 66
46 73
47 80
48 87
49 53
50 53
51 54
52 54
53 55
54 55
55 91
56 60
57 60
58 61
59 61
60 62
61 62
62 91
63 67
64 67
65 68
66 68
67 69
68 69
69 93
70 74
71 74
72 75
73 75
74 76
75 76
76 93
77 81
78 81
79 82
80 82
81 83
82 83
83 95
84 88
85 88
86 89
87 89
88 90
89 90
90 95
91 92
91 97
92 100
93 94
93 97
94 100
95 96
95 98
96 99
97 100
97 101
98 101
99 102
100 102
101 102
102 103
104 7
105 8
106 9
107 10
108 11
109 12
110 13
111 14
112 15
113 16
114 17
115 18
116 19
117 20
118 21
119 22
120 23
121 24
122 25
123 26
124 27
125 28
126 29
127 30
128 31
129 32
130 33
131 34
132 35
133 36
134 37
135 38
136 39
137 40
138 41
139 42
140 43
141 44
142 45
143 46
144 47
145 48
146 104
146 105
147 106
147 107
148 108
148 109
149 110
149 111
150 112
150 113
151 114
151 115
152 116
152 117
153 118
153 119
154 120
154 121
155 122
155 123
156 124
156 125
157 126
157 127
158 128
158 129
159 130
159 131
160 132
160 133
161 134
161 135
162 136
162 137
163 138
163 139
164 140
164 141
165 142
165 143
166 144
166 145
