183 226

0 159
0 160
0 161
8 56
9 63
10 70
11 77
12 84
13 91
1 162
1 163
1 164
14 56
15 63
16 70
17 77
18 84
19 91
2 165
2 166
2 167
20 57
21 64
22 71
23 78
24 85
25 92
3 168
3 169
3 170
26 57
27 64
28 71
29 78
30 85
31 92
4 171
4 172
4 173
32 58
33 65
34 72
35 79
36 86
37 93
5 174
5 175
5 176
38 58
39 65
40 72
41 79
42 86
43 93
6 177
6 178
6 179
44 59
45 66
46 73
47 80
48 87
49 94
7 180
7 181
7 182
50 59
51 66
52 73
53 80
54 87
55 94
56 60
57 60
58 61
59 61
60 62
61 62
62 98
63 67
64 67
65 68
66 68
67 69
68 69
69 98
70 74
71 74
72 75
73 75
74 76
75 76
76 100
77 81
78 81
79 82
80 82
81 83
82 83
83 100
84 88
85 88
86 89
87 89
88 90
89 90
90 102
91 95
92 95
93 96
94 96
95 97
96 97
97 102
98 99
98 104
99 107
100 101
100 104
101 107
102 103
102 105
103 106
104 107
104 108
105 108
106 109
107 109
108 109
109 110
111 8
112 9
113 10
114 11
115 12
116 13
117 14
118 15
119 16
120 17
121 18
122 19
123 20
124 21
125 22
126 23
127 24
128 25
129 26
130 27
131 28
132 29
133 30
134 31
135 32
136 33
137 34
138 35
139 36
140 37
141 38
142 39
143 40
144 41
145 42
146 43
147 44
148 45
149 46
150 47
151 48
152 49
153 50
154 51
155 52
156 53
157 54
158 55
159 111
159 112
160 113
160 114
161 115
161 116
162 117
162 118
163 119
163 120
164 121
164 122
165 123
165 124
166 125
166 126
167 127
167 128
168 129
168 130
169 131
169 132
170 133
170 134
171 135
171 136
172 137
172 138
173 139
173 140
174 141
174 142
175 143
175 144
176 145
176 146
177 147
177 148
178 149
178 150
179 151
179 152
180 153
180 154
181 155
181 156
182 157
182 158
