111 139

0 95
0 96
0 97
0 98
4 32
5 35
6 38
7 41
8 44
9 47
10 50
1 99
1 100
1 101
1 102
11 32
12 35
13 38
14 41
15 44
16 47
17 50
2 103
2 104
2 105
2 106
18 33
19 36
20 39
21 42
22 45
23 48
24 51
3 107
3 108
3 109
3 110
25 33
26 36
27 39
28 42
29 45
30 48
31 51
32 34
33 34
34 53
35 37
36 37
37 53
38 40
39 40
40 55
41 43
42 43
43 55
44 46
45 46
46 57
47 49
48 49
49 57
50 52
51 52
52 59
53 54
53 60
54 62
55 56
55 60
56 62
57 58
57 61
58 63
59 61
60 62
60 64
61 63
61 64
62 65
63 65
64 65
65 66
67 4
68 5
69 6
70 7
71 8
72 9
73 10
74 11
75 12
76 13
77 14
78 15
79 16
80 17
81 18
82 19
83 20
84 21
85 22
86 23
87 24
88 25
89 26
90 27
91 28
92 29
93 30
94 31
95 67
95 68
96 69
96 70
97 71
97 72
98 73
99 74
99 75
100 76
100 77
101 78
101 79
102 80
103 81
103 82
104 83
104 84
105 85
105 86
106 87
107 88
107 89
108 90
108 91
109 92
109 93
110 94
