151 185

0 131
0 132
0 133
0 134
5 40
6 46
7 52
8 58
9 64
10 70
11 76
1 135
1 136
1 137
1 138
12 40
13 46
14 52
15 58
16 64
17 70
18 76
2 139
2 140
2 141
2 142
19 41
20 47
21 53
22 59
23 65
24 71
25 77
3 143
3 144
3 145
3 146
26 41
27 47
28 53
29 59
30 65
31 71
32 77
4 147
4 148
4 149
4 150
33 42
34 48
35 54
36 60
37 66
38 72
39 78
40 43
41 43
42 44
43 45
44 45
45 82
46 49
47 49
48 50
49 51
50 51
51 82
52 55
53 55
54 56
55 57
56 57
57 84
58 61
59 61
60 62
61 63
62 63
63 84
64 67
65 67
66 68
67 69
68 69
69 86
70 73
71 73
72 74
73 75
74 75
75 86
76 79
77 79
78 80
79 81
80 81
81 88
82 83
82 89
83 91
84 85
84 89
85 91
86 87
86 90
87 92
88 90
89 91
89 93
90 92
90 93
91 94
92 94
93 94
94 95
96 5
97 6
98 7
99 8
100 9
101 10
102 11
103 12
104 13
105 14
106 15
107 16
108 17
109 18
110 19
111 20
112 21
113 22
114 23
115 24
116 25
117 26
118 27
119 28
120 29
121 30
122 31
123 32
124 33
125 34
126 35
127 36
128 37
129 38
130 39
131 96
131 97
132 98
132 99
133 100
133 101
134 102
135 103
135 104
136 105
136 106
137 107
137 108
138 109
139 110
139 111
140 112
140 113
141 114
141 115
142 116
143 117
143 118
144 119
144 120
145 121
145 122
146 123
147 124
147 125
148 126
148 127
149 128
149 129
150 130
