170 210

0 146
0 147
0 148
0 149
6 48
7 54
8 60
9 66
10 72
11 78
12 84
1 150
1 151
1 152
1 153
13 48
14 54
15 60
16 66
17 72
18 78
19 84
2 154
2 155
2 156
2 157
20 49
21 55
22 61
23 67
24 73
25 79
26 85
3 158
3 159
3 160
3 161
27 49
28 55
29 61
30 67
31 73
32 79
33 85
4 162
4 163
4 164
4 165
34 50
35 56
36 62
37 68
38 74
39 80
40 86
5 166
5 167
5 168
5 169
41 50
42 56
43 62
44 68
45 74
46 80
47 86
48 51
49 51
50 52
51 53
52 53
53 90
54 57
55 57
56 58
57 59
58 59
59 90
60 63
61 63
62 64
63 65
64 65
65 92
66 69
67 69
68 70
69 71
70 71
71 92
72 75
73 75
74 76
75 77
76 77
77 94
78 81
79 81
80 82
81 83
82 83
83 94
84 87
85 87
86 88
87 89
88 89
89 96
90 91
90 97
91 99
92 93
92 97
93 99
94 95
94 98
95 100
96 98
97 99
97 101
98 100
98 101
99 102
100 102
101 102
102 103
104 6
105 7
106 8
107 9
108 10
109 11
110 12
111 13
112 14
113 15
114 16
115 17
116 18
117 19
118 20
119 21
120 22
121 23
122 24
123 25
124 26
125 27
126 28
127 29
128 30
129 31
130 32
131 33
132 34
133 35
134 36
135 37
136 38
137 39
138 40
139 41
140 42
141 43
142 44
143 45
144 46
145 47
146 104
146 105
147 106
147 107
148 108
148 109
149 110
150 111
150 112
151 113
151 114
152 115
152 116
153 117
154 118
154 119
155 120
155 121
156 122
156 123
157 124
158 125
158 126
159 127
159 128
160 129
160 130
161 131
162 132
162 133
163 134
163 135
164 136
164 137
165 138
166 139
166 140
167 141
167 142
168 143
168 144
169 145
