196 242

0 168
0 169
0 170
0 171
7 56
8 63
9 70
10 77
11 84
12 91
13 98
1 172
1 173
1 174
1 175
14 56
15 63
16 70
17 77
18 84
19 91
20 98
2 176
2 177
2 178
2 179
21 57
22 64
23 71
24 78
25 85
26 92
27 99
3 180
3 181
3 182
3 183
28 57
29 64
30 71
31 78
32 85
33 92
34 99
4 184
4 185
4 186
4 187
35 58
36 65
37 72
38 79
39 86
40 93
41 100
5 188
5 189
5 190
5 191
42 58
43 65
44 72
45 79
46 86
47 93
48 100
6 192
6 193
6 194
6 195
49 59
50 66
51 73
52 80
53 87
54 94
55 101
56 60
57 60
58 61
59 61
60 62
61 62
62 105
63 67
64 67
65 68
66 68
67 69
68 69
69 105
70 74
71 74
72 75
73 75
74 76
75 76
76 107
77 81
78 81
79 82
80 82
81 83
82 83
83 107
84 88
85 88
86 89
87 89
88 90
89 90
90 109
91 95
92 95
93 96
94 96
95 97
96 97
97 109
98 102
99 102
100 103
101 103
102 104
103 104
104 111
105 106
105 112
106 114
107 108
107 112
108 114
109 110
109 113
110 115
111 113
112 114
112 116
113 115
113 116
114 117
115 117
116 117
117 118
119 7
120 8
121 9
122 10
123 11
124 12
125 13
126 14
127 15
128 16
129 17
130 18
131 19
132 20
133 21
134 22
135 23
136 24
137 25
138 26
139 27
140 28
141 29
142 30
143 31
144 32
145 33
146 34
147 35
148 36
149 37
150 38
151 39
152 40
153 41
154 42
155 43
156 44
157 45
158 46
159 47
160 48
161 49
162 50
163 51
164 52
165 53
166 54
167 55
168 119
168 120
169 121
169 122
170 123
170 124
171 125
172 126
172 127
173 128
173 129
174 130
174 131
175 132
176 133
176 134
177 135
177 136
178 137
178 138
179 139
180 140
180 141
181 142
181 143
182 144
182 145
183 146
184 147
184 148
185 149
185 150
186 151
186 152
187 153
188 154
188 155
189 156
189 157
190 158
190 159
191 160
192 161
192 162
193 163
193 164
194 165
194 166
195 167
