215 267

0 183
0 184
0 185
0 186
8 64
9 71
10 78
11 85
12 92
13 99
14 106
1 187
1 188
1 189
1 190
15 64
16 71
17 78
18 85
19 92
20 99
21 106
2 191
2 192
2 193
2 194
22 65
23 72
24 79
25 86
26 93
27 100
28 107
3 195
3 196
3 197
3 198
29 65
30 72
31 79
32 86
33 93
34 100
35 107
4 199
4 200
4 201
4 202
36 66
37 73
38 80
39 87
40 94
41 101
42 108
5 203
5 204
5 205
5 206
43 66
44 73
45 80
46 87
47 94
48 101
49 108
6 207
6 208
6 209
6 210
50 67
51 74
52 81
53 88
54 95
55 102
56 109
7 211
7 212
7 213
7 214
57 67
58 74
59 81
60 88
61 95
62 102
63 109
64 68
65 68
66 69
67 69
68 70
69 70
70 113
71 75
72 75
73 76
74 76
75 77
76 77
77 113
78 82
79 82
80 83
81 83
82 84
83 84
84 115
85 89
86 89
87 90
88 90
89 91
90 91
91 115
92 96
93 96
94 97
95 97
96 98
97 98
98 117
99 103
100 103
101 104
102 104
103 105
104 105
105 117
106 110
107 110
108 111
109 111
110 112
111 112
112 119
113 114
113 120
114 122
115 116
115 120
116 122
117 118
117 121
118 123
119 121
120 122
120 124
121 123
121 124
122 125
123 125
124 125
125 126
127 8
128 9
129 10
130 11
131 12
132 13
133 14
134 15
135 16
136 17
137 18
138 19
139 20
140 21
141 22
142 23
143 24
144 25
145 26
146 27
147 28
148 29
149 30
150 31
151 32
152 33
153 34
154 35
155 36
156 37
157 38
158 39
159 40
160 41
161 42
162 43
163 44
164 45
165 46
166 47
167 48
168 49
169 50
170 51
171 52
172 53
173 54
174 55
175 56
176 57
177 58
178 59
179 60
180 61
181 62
182 63
183 127
183 128
184 129
184 130
185 131
185 132
186 133
187 134
187 135
188 136
188 137
189 138
189 139
190 140
191 141
191 142
192 143
192 144
193 145
193 146
194 147
195 148
195 149
196 150
196 151
197 152
197 153
198 154
199 155
199 156
200 157
200 158
201 159
201 160
202 161
203 162
203 163
204 164
204 165
205 166
205 167
206 168
207 169
207 170
208 171
208 172
209 173
209 174
210 175
211 176
211 177
212 178
212 179
213 180
213 181
214 182
