123 156

0 107
0 108
0 109
0 110
4 36
5 39
6 42
7 45
8 48
9 51
10 54
11 57
1 111
1 112
1 113
1 114
12 36
13 39
14 42
15 45
16 48
17 51
18 54
19 57
2 115
2 116
2 117
2 118
20 37
21 40
22 43
23 46
24 49
25 52
26 55
27 58
3 119
3 120
3 121
3 122
28 37
29 40
30 43
31 46
32 49
33 52
34 55
35 58
36 38
37 38
38 60
39 41
40 41
41 60
42 44
43 44
44 62
45 47
46 47
47 62
48 50
49 50
50 64
51 53
52 53
53 64
54 56
55 56
56 66
57 59
58 59
59 66
60 61
60 68
61 70
62 63
62 68
63 70
64 65
64 69
65 71
66 67
66 69
67 71
68 70
68 72
69 71
69 72
70 73
71 73
72 73
73 74
75 4
76 5
77 6
78 7
79 8
80 9
81 10
82 11
83 12
84 13
85 14
86 15
87 16
88 17
89 18
90 19
91 20
92 21
93 22
94 23
95 24
96 25
97 26
98 27
99 28
100 29
101 30
102 31
103 32
104 33
105 34
106 35
107 75
107 76
108 77
108 78
109 79
109 80
110 81
110 82
111 83
111 84
112 85
112 86
113 87
113 88
114 89
114 90
115 91
115 92
116 93
116 94
117 95
117 96
118 97
118 98
119 99
119 100
120 101
120 102
121 103
121 104
122 105
122 106
