168 208

0 148
0 149
0 150
0 151
5 45
6 51
7 57
8 63
9 69
10 75
11 81
12 87
1 152
1 153
1 154
1 155
13 45
14 51
15 57
16 63
17 69
18 75
19 81
20 87
2 156
2 157
2 158
2 159
21 46
22 52
23 58
24 64
25 70
26 76
27 82
28 88
3 160
3 161
3 162
3 163
29 46
30 52
31 58
32 64
33 70
34 76
35 82
36 88
4 164
4 165
4 166
4 167
37 47
38 53
39 59
40 65
41 71
42 77
43 83
44 89
45 48
46 48
47 49
48 50
49 50
50 93
51 54
52 54
53 55
54 56
55 56
56 93
57 60
58 60
59 61
60 62
61 62
62 95
63 66
64 66
65 67
66 68
67 68
68 95
69 72
70 72
71 73
72 74
73 74
74 97
75 78
76 78
77 79
78 80
79 80
80 97
81 84
82 84
83 85
84 86
85 86
86 99
87 90
88 90
89 91
90 92
91 92
92 99
93 94
93 101
94 103
95 96
95 101
96 103
97 98
97 102
98 104
99 100
99 102
100 104
101 103
101 105
102 104
102 105
103 106
104 106
105 106
106 107
108 5
109 6
110 7
111 8
112 9
113 10
114 11
115 12
116 13
117 14
118 15
119 16
120 17
121 18
122 19
123 20
124 21
125 22
126 23
127 24
128 25
129 26
130 27
131 28
132 29
133 30
134 31
135 32
136 33
137 34
138 35
139 36
140 37
141 38
142 39
143 40
144 41
145 42
146 43
147 44
148 108
148 109
149 110
149 111
150 112
150 113
151 114
151 115
152 116
152 117
153 118
153 119
154 120
154 121
155 122
155 123
156 124
156 125
157 126
157 127
158 128
158 129
159 130
159 131
160 132
160 133
161 134
161 135
162 136
162 137
163 138
163 139
164 140
164 141
165 142
165 143
166 144
166 145
167 146
167 147
