218 272

0 190
0 191
0 192
0 193
7 63
8 70
9 77
10 84
11 91
12 98
13 105
14 112
1 194
1 195
1 196
1 197
15 63
16 70
17 77
18 84
19 91
20 98
21 105
22 112
2 198
2 199
2 200
2 201
23 64
24 71
25 78
26 85
27 92
28 99
29 106
30 113
3 202
3 203
3 204
3 205
31 64
32 71
33 78
34 85
35 92
36 99
37 106
38 113
4 206
4 207
4 208
4 209
39 65
40 72
41 79
42 86
43 93
44 100
45 107
46 114
5 210
5 211
5 212
5 213
47 65
48 72
49 79
50 86
51 93
52 100
53 107
54 114
6 214
6 215
6 216
6 217
55 66
56 73
57 80
58 87
59 94
60 101
61 108
62 115
63 67
64 67
65 68
66 68
67 69
68 69
69 119
70 74
71 74
72 75
73 75
74 76
75 76
76 119
77 81
78 81
79 82
80 82
81 83
82 83
83 121
84 88
85 88
86 89
87 89
88 90
89 90
90 121
91 95
92 95
93 96
94 96
95 97
96 97
97 123
98 102
99 102
100 103
101 103
102 104
103 104
104 123
105 109
106 109
107 110
108 110
109 111
110 111
111 125
112 116
113 116
114 117
115 117
116 118
117 118
118 125
119 120
119 127
120 129
121 122
121 127
122 129
123 124
123 128
124 130
125 126
125 128
126 130
127 129
127 131
128 130
128 131
129 132
130 132
131 132
132 133
134 7
135 8
136 9
137 10
138 11
139 12
140 13
141 14
142 15
143 16
144 17
145 18
146 19
147 20
148 21
149 22
150 23
151 24
152 25
153 26
154 27
155 28
156 29
157 30
158 31
159 32
160 33
161 34
162 35
163 36
164 37
165 38
166 39
167 40
168 41
169 42
170 43
171 44
172 45
173 46
174 47
175 48
176 49
177 50
178 51
179 52
180 53
181 54
182 55
183 56
184 57
185 58
186 59
187 60
188 61
189 62
190 134
190 135
191 136
191 137
192 138
192 139
193 140
193 141
194 142
194 143
195 144
195 145
196 146
196 147
197 148
197 149
198 150
198 151
199 152
199 153
200 154
200 155
201 156
201 157
202 158
202 159
203 160
203 161
204 162
204 163
205 164
205 165
206 166
206 167
207 168
207 169
208 170
208 171
209 172
209 173
210 174
210 175
211 176
211 177
212 178
212 179
213 180
213 181
214 182
214 183
215 184
215 185
216 186
216 187
217 188
217 189
