239 300

0 207
0 208
0 209
0 210
8 72
9 79
10 86
11 93
12 100
13 107
14 114
15 121
1 211
1 212
1 213
1 214
16 72
17 79
18 86
19 93
20 100
21 107
22 114
23 121
2 215
2 216
2 217
2 218
24 73
25 80
26 87
27 94
28 101
29 108
30 115
31 122
3 219
3 220
3 221
3 222
32 73
33 80
34 87
35 94
36 101
37 108
38 115
39 122
4 223
4 224
4 225
4 226
40 74
41 81
42 88
43 95
44 102
45 109
46 116
47 123
5 227
5 228
5 229
5 230
48 74
49 81
50 88
51 95
52 102
53 109
54 116
55 123
6 231
6 232
6 233
6 234
56 75
57 82
58 89
59 96
60 103
61 110
62 117
63 124
7 235
7 236
7 237
7 238
64 75
65 82
66 89
67 96
68 103
69 110
70 117
71 124
72 76
73 76
74 77
75 77
76 78
77 78
78 128
79 83
80 83
81 84
82 84
83 85
84 85
85 128
86 90
87 90
88 91
89 91
90 92
91 92
92 130
93 97
94 97
95 98
96 98
97 99
98 99
99 130
100 104
101 104
102 105
103 105
104 106
105 106
106 132
107 111
108 111
109 112
110 112
111 113
112 113
113 132
114 118
115 118
116 119
117 119
118 120
119 120
120 134
121 125
122 125
123 126
124 126
125 127
126 127
127 134
128 129
128 136
129 138
130 131
130 136
131 138
132 133
132 137
133 139
134 135
134 137
135 139
136 138
136 140
137 139
137 140
138 141
139 141
140 141
141 142
143 8
144 9
145 10
146 11
147 12
148 13
149 14
150 15
151 16
152 17
153 18
154 19
155 20
156 21
157 22
158 23
159 24
160 25
161 26
162 27
163 28
164 29
165 30
166 31
167 32
168 33
169 34
170 35
171 36
172 37
173 38
174 39
175 40
176 41
177 42
178 43
179 44
180 45
181 46
182 47
183 48
184 49
185 50
186 51
187 52
188 53
189 54
190 55
191 56
192 57
193 58
194 59
195 60
196 61
197 62
198 63
199 64
200 65
201 66
202 67
203 68
204 69
205 70
206 71
207 143
207 144
208 145
208 146
209 147
209 148
210 149
210 150
211 151
211 152
212 153
212 154
213 155
213 156
214 157
214 158
215 159
215 160
216 161
216 162
217 163
217 164
218 165
218 166
219 167
219 168
220 169
220 170
221 171
221 172
222 173
222 174
223 175
223 176
224 177
224 178
225 179
225 180
226 181
226 182
227 183
227 184
228 185
228 186
229 187
229 188
230 189
230 190
231 191
231 192
232 193
232 194
233 195
233 196
234 197
234 198
235 199
235 200
236 201
236 202
237 203
237 204
238 205
238 206
