175 174  49  48 187  45  60 186 123 122 121 119  54 182 
112 111 110 108  47 171  59  58 185 184  52 179 180  53 
113 176  50  51 177  44 114 115 116 117 118 181  55  56 
164  37 163 107 106 170 173 255 255 178 130 131   4   5 
 38 165  39  43 169  42 150 255 183  63  67  68   3   6 
167  41 104  40 105 168  24   0  57 190  66 126 129 132 
101 102 103 166  13 139  35 161  46 189  62 125  61  69 
100  99  36 162   2  76  87  98 172 109 120 124 188  70 
 32 158  34 160 128  65  64 127   1 192 191  77 140 133 
 31  95  96  97  33  30 149  21 147 142  12 138  74   7 
157  94  93  92 159 156  23  22 144  79  11  75 137   8 
 26 152  89  88  86  85  84 148  18  16  15  14  73 134 
153  91  90 155  25  19  83  20 146  78 141   9  10  71 
 27 154  28  29 151 145  82  81  80  17 143 135 136  72