82 91

80 71
71 67
67 70
70 64
64 71
64 63
64 52
52 13
13 51
51 9
9 52
9 8
9 7
51 62
62 61
62 69
69 58
58 57
58 50
50 56
56 54
56 68
68 60
60 59
60 51
68 76
50 16
16 53
53 6
6 50
6 5
6 3
3 26
26 38
38 37
38 47
47 34
34 32
34 25
25 36
36 35
36 48
48 40
40 39
40 26
48 74
25 22
22 24
24 21
21 25
21 20
20 23
23 18
18 21
18 55
55 44
55 33
18 17
23 27
27 3
3 2
3 1
27 42
42 41
42 46
46 29
29 28
29 24
24 31
31 30
31 49
49 45
45 43
45 27
49 75
46 72
20 81
81 77
81 66
20 19
22 11
22 0
47 73
53 67
67 65
16 15
16 14
69 78
13 12
13 10
70 79