77 91

0 2
2 24
24 69
69 68
68 67
67 66
66 65
65 64
64 63
63 22
22 62
62 60
60 59
59 58
58 31
31 76
76 75
75 18
18 74
74 33
33 3
3 4
4 10
10 11
11 12
12 43
43 72
72 25
25 44
44 13
13 14
14 15
15 46
46 26
26 45
45 71
71 14
26 32
32 57
57 56
56 25
32 22
15 16
16 17
17 48
48 27
27 70
70 47
47 16
27 51
51 52
52 20
20 28
28 36
36 6
6 7
7 37
37 50
50 29
29 38
38 8
8 9
9 39
39 30
30 40
40 9
30 21
21 49
49 29
21 23
23 55
55 54
54 53
53 20
23 24
8 7
6 5
5 61
61 35
35 28
5 17
13 12
11 42
42 19
19 41
41 73
73 10
19 31
4 34
34 18
3 1