193 255

191 192
192 1
1 127
127 64
64 65
65 128
128 2
2 13
13 139
139 76
76 87
87 98
98 161
161 35
35 46
46 172
172 109
109 120
120 124
124 188
188 61
61 62
62 189
189 125
125 126
126 66
66 129
129 3
3 4
4 130
130 67
67 68
68 131
131 5
5 6
6 132
132 69
69 70
70 133
133 7
7 8
8 134
134 71
71 72
72 135
135 9
9 10
10 136
136 73
73 74
74 137
137 11
11 12
12 138
138 75
75 77
77 140
140 14
14 15
15 141
141 78
78 79
79 142
142 16
16 17
17 143
143 80
80 81
81 82
82 145
145 19
19 20
20 146
146 83
83 84
84 85
85 86
86 88
88 89
89 152
152 26
26 27
27 153
153 90
90 91
91 154
154 28
28 29
29 155
155 92
92 93
93 94
94 157
157 31
31 32
32 158
158 95
95 96
96 97
97 160
160 34
34 36
36 162
162 99
99 100
100 101
101 102
102 103
103 166
166 40
40 41
41 167
167 104
104 105
105 168
168 42
42 43
43 169
169 106
106 107
107 170
170 44
44 45
45 171
171 108
108 110
110 111
111 174
174 48
48 49
49 175
175 112
112 113
113 176
176 50
50 51
51 177
177 114
114 115
115 116
116 117
117 118
118 181
181 55
55 56
56 182
182 119
119 121
121 122
122 123
123 186
186 60
60 187
187 123
60 59
59 185
185 122
59 58
58 184
184 121
58 56
119 118
55 54
54 180
180 117
54 53
53 179
179 116
53 52
52 178
178 115
52 51
114 113
50 49
112 111
48 47
47 173
173 110
47 45
108 107
44 43
106 105
42 41
104 103
40 39
39 165
165 102
39 38
38 164
164 101
38 37
37 163
163 100
37 36
99 97
34 33
33 159
159 96
33 32
95 94
31 30
30 156
156 93
30 29
92 91
28 27
90 89
26 25
25 151
151 88
25 23
23 149
149 86
23 22
22 148
148 85
22 21
21 147
147 84
21 20
83 82
19 18
18 144
144 81
18 17
80 79
16 15
78 77
14 12
75 74
11 10
73 72
9 8
71 70
7 6
69 68
5 4
67 66
3 63
63 190
190 126
63 62
125 124
61 57
57 183
183 120
57 46
109 98
35 24
24 150
150 87
24 13
76 65
2 1
64 0